0.0006270693384280435
0.11775987180553571
0.854820227652624
0.5689805735369013
0.37252029803168085
0.001036907485445937
0.6163373780384092
0.6941928049201884
0.9352759168378313
0.9499984299909592
0.5228869318293334
0.5315715932530445
0.8821221106754322
0.742263525313394
0.870927339058639
0.05206234319242853
0.2909643875683159
0.8038343225102018
0.2815290237665522
0.12042316032674805
0.02043832009119484
0.3243685501365583
0.38991471152691304
0.9758846163672352
0.77824177883587
0.5416256462629612
0.5035959918914443
0.5290798210457517
0.09218322138986679
0.10503024112485448
0.34254782145539764
0.9755225583636751
0.0060917372822117954
0.2585771354053783
0.37971267935182595
0.9229212851197239
0.2480008152202018
0.11505925188867039
0.1347246282415
0.36296716195903045
0.8231302562164089
0.6723422562387249
0.3984421727815004
0.16624530403147375
0.8060633673868054
0.671769436457641
0.6566541066277836
0.3230354122242396
0.0226885987887826
0.47051581265717246
0.5797760607555347
0.32756118934177536
0.1911101921619789
0.9237041316388179
0.008713772765887029
0.04641277104576247
0.44062025833522256
0.8063551969202685
0.31818375138860233
0.21422312133843135
0.34837905186953577
0.5859037067698587
0.8161295750875723
0.6551732693744974
0.2647101297200365
0.7473262330157446
0.14555410102951782
0.1846027109201991
0.670546627818716
0.3172829843828602
0.7128309331860265
0.3511055763423734
0.19585312800546006
0.5015773723782821
0.4597141685050872
0.13932059010620534
0.18770858016632275
0.2903199477944618
0.8258102704105426
0.07361872688724347
0.9537085532759519
0.674203814229859
0.2808114718664001
0.9026271190614743
0.013593776785207012
0.5081399641378432
0.12354294837770396
0.9666965020267035
0.503325562945399
0.6381709353073042
0.39569768709068853
0.17084261002919376
0.8156213337172247
0.33521256385224163
0.3055000741021985
0.12331476842146216
0.2942741753753566
0.34402422624268425
0.8295532906918766
0.8268377810603447
0.38207317228879134
0.5252606301456133
0.5045132129503855
0.4009313963688861
0.7501052911324493
0.5380207443621465
0.4443442106929467
0.6978554649313189
0.19656886046715982
0.7536146644460651
0.44972660311974266
0.5831036878673466
0.22350228071305622
0.4100749051688446
0.6053031129132478
0.7685449111401503
0.29819356853554524
0.29112760635768
0.8950990298473158
0.7999835588919915
0.6412757500634072
0.1509192472755707
0.2794795120238689
0.45190033137198427
0.6050440316652228
0.9928984991363627
0.05689408005029861
0.9143860325225681
0.10339215772321353
0.7621386180527203
0.6345044593242051
0.76786565132441
0.30962147446272326
0.21743610420132953
0.5233240606018654
0.530321912063922
0.7715160199209592
0.7332440397572135
0.19106712169283924
0.18268774428328172
0.916414515070251
0.6405263806978674
0.6004894259453835
0.3873308157997961
0.48508450244897716
0.8767103284079987
0.8492021286658655
0.42167073433965285
0.9851791288974496
0.18295055862698817
0.34098212325012867
0.16664606752055633
0.6767222606464358
0.6949093501737629
0.6563381270957791
0.7838042696384484
0.6678368145626408
0.432333346557602
0.5649978258116306
0.15416824946546726
0.32384345131836056
0.14212861253847464
0.014159545344057278
0.3588089785495008
0.6825761671216597
0.00678362743683536
0.028528587899771196
0.7804195368201441
0.8695769029188156
0.5403727000103835
0.13168513146055716
0.07546263415157384
0.45565712616241427
0.28162280851411836
0.5191840167577624
0.7890962454098052
0.2736894928263709
0.7094028766401017
0.9235683923028546
0.6946408649200002
0.7795812288432913
0.7803788038946671
0.06741561995512768
0.6735323367289503
0.6129718430399791
0.07947799011339285
0.22547662304864957
0.7013265620085569
0.48570526045353546
0.31735644073798497
0.6493955487978127
0.06433193694808992
0.9405895081233879
0.6695176246842927
0.15250677905436305
0.5469124460162043
0.31003975757372615
0.6714778926170091
0.7275275209985494
0.95162423903815
0.43519189172621253
0.33391626271418673
0.6619480045130501
0.846441568629313
0.3428878814144767
0.16971955605352562
0.7255442683105997
0.9818394696531776
0.22311019050979297
0.6079950270824703
0.8983021948647547
0.9450008370300047
0.19614424141148135
0.06335459874548022
0.06737241732800214
0.5815999149119726
0.640764726805962
0.8150853892344152
0.6963255324124304
0.7333029614612308
0.29648731165503506
0.9913432205018076
0.7224222741554485
0.33026531171926976
0.11944109383684776
0.8374970401318684
0.6969554970965532
0.7145625388392141
0.5183631452321507
0.1425954804004057
0.2946865461509134
0.8278672237670968
0.3208835998238371
0.09912993387240832
0.89133941688155
0.10309229780387952
0.7075721540593989
0.9524643561848798
0.5690085964441636
0.2866123338569331
0.6296935598138234
0.8592483262425823
0.04978218470716911
0.16961584309789757
0.514434784284596
0.2987095144156804
0.08510738943427043
0.21182989668329455
0.617309046550865
0.8749424429708519
0.4152823314579166
0.13911354966496603
0.35492597983546403
0.19830508239126132
0.7484228479692518
0.8321839087193688
0.6323817742213791
0.8540612249458697
0.2454272069036847
0.6940885693579553
0.2488323891933888
0.948847525354882
0.7065719054109678
0.3891658643453262
0.24365585140099455
0.8909074101657133
0.271769583064696
0.5394602256475416
0.7459003329704004
0.5069525450026795
0.721182098288395
0.002329279859932143
0.8639922020311914
0.2537440246837015
0.9124095569538895
0.544862384221954
0.14410661236750144
0.6509127278086346
0.047096107742405025
0.5894224795160845
0.5179715157538496
0.47616916731641723
0.12135719214987262
0.6959446998684591
0.7285983010924681
0.13602048418205825
0.39441722046517214
0.2395214502209022
0.3805476514318329
0.6936737853795627
0.0873529011535652
0.4583449525272094
0.8155117258152487
0.6183436319732216
0.8935922423373341
0.5124598840409895
0.41051248018373343
0.5622049512172715
0.6051741329816593
0.18632099790808
0.9717949027390844
0.5963737903427564
0.10970496046603273
0.3692988401535011
0.13007221676090097
0.897314961790503
0.834058492950021
0.8926011705611181
0.900321760365479
0.9998505625104492
0.05937981182695751
0.8262737703836329
0.3606243505948825
0.38048439609014295
0.3307249841001578
0.03683228979123143
0.12900054103113945
0.3411972983990559
0.872171979213519
0.9686019649691637
0.514863350343397
0.2934650776404375
0.6985766222218786
0.9870747313077395
0.8232428362950159
0.5373870406887598
0.20804669769627537
0.6607287876926726
0.8666323782629703
0.26199670185838286
0.9300192389252686
0.4621143399994132
0.7530737737535631
0.6086900702979001
0.7935271172957385
0.14603638202205715
0.0724773132363552
0.41700870053469785
0.5354328497151073
0.571931271725628
0.6893279353623498
0.4656372798055948
0.47131663007168356
0.7417338423999773
0.10264844378286142
0.21442672820200315
0.8501835265208513
0.039486164514254796
0.2777896498421413
0.9066664158318822
0.9716781323320873
0.00359315732285026
0.6543342548797213
0.39396096765583266
0.4901652766353095
0.8090543520569149
0.7458003642475788
0.7663010438910085
0.20857925516482112
0.06039054335002092
0.0662007949226151
0.20276126439410191
0.7867129925151346
0.5246591448922224
0.6327698622765823
0.8773449017334833
0.27958915899522196
0.2993581016837332
0.7308491716534817
0.061581912240658454
0.17332909939625551
0.2967255171676406
0.10419215939860038
0.14045711969253105
0.505739050372668
0.22164604146052724
0.01059278838373956
0.3091067249185393
0.9195180901773767
0.7658958493705761
0.30818096737983325
0.5306065990505608
0.7860351416892826
0.08074102639468705
0.7019949943410424
0.5243428408385604
0.3111246995246688
0.7200196899193365
0.664203683283553
0.3122866519412817
0.2610393370338926
0.8669815139143644
0.16589688546769565
0.19749952086886324
0.36192303165077533
0.42364981100457655
0.9356069205236466
0.08400381880308672
0.7809094898843654
0.3077562684310031
0.3422040544988576
0.1965260113510432
0.40780551872126125
0.378947146571857
0.430690662049507
0.5274375918993321
0.9555176408414496
0.8156675428826894
0.0024901516486508513
0.5594903571284853
0.4827721493416277
0.4527175128359424
0.7015021782403963
0.8978005859211358
0.6277412061072454
0.7358857351920527
0.758514179732309
0.6322388618525316
0.20502196907801817
0.17637332421746166
0.6651849145874067
0.3593115091883199
0.4557486499114276
0.8191176387793426
0.5410375100524831
0.4662837053321063
0.011800417464741031
0.5539338300925571
0.15963161674114446
0.24332610146412392
0.916077736588349
0.5780557187713065
0.49086566787783426
0.6936240401924216
0.9732576284517336
0.8977477102461471
0.5633550230032611
0.1865540168993114
0.4465310205081465
0.07287115804649247
0.4628289988420349
0.8032137026083923
0.08842438374509243
0.05244217941942608
0.2589035168399576
0.8929224431212965
0.6363897945649768
0.7152587297576041
0.6334553900913065
0.8580464843783808
0.9205139709937953
0.8646730638422291
0.39981319449558583
0.9550300599839154
0.34117428042550557
0.8807368654715297
0.024377282508616815
0.21233772610390034
0.6641097612757392
0.9095706251408835
0.6530018652844731
0.7697677539934666
0.350154406240776
0.47535160056767367
0.10605427284266256
0.7150388037408995
0.25339988283622006
0.29434621951217466
0.33167456463909417
0.08756531692664637
0.7670420800245807
0.11562839103521227
0.030181667069761886
0.21892889328825405
0.9184719305319788
0.8253451925540496
0.6082242224927157
0.14585616965600323
0.5777724294014632
0.2495611083099014
0.4541944088167824
0.9537862108790911
0.6757822129339388
0.946901722643684
0.3022751920746387
0.6547349646985374
0.9740080409274725
0.37162283129105944
0.36756486917322917
0.4676487380405696
0.5992656015417595
0.6386716382535376
0.0759314066961636
0.12641573350306956
0.8769767946867972
0.466228367179351
0.8071320467206178
0.3919322543877435
0.3601536090633317
0.8926895470960226
0.7364549946054026
0.16998105699200394
0.7634804523674035
0.9517737452759967
0.8574887891072578
0.2441813125171315
0.44641988621233963
0.48221692748741063
0.7460152444890653
0.4090455503731114
0.3343877195188014
0.6913232403840333
0.8724927099965711
0.8464866023656192
0.6768738889770134
0.48151814482160304
0.9688118766993412
0.6223397657369567
0.785652065195066
0.08620979495225001
0.4252555377170708
0.7081099648003182
0.11027503081319878
0.39902166854438903
0.1477906377840057
0.5558534284555954
0.44287114468623656
0.8752600216024256
0.09650469444212462
0.8976161267050067
0.21644119671486806
0.8458940775188175
0.5963332983978731
0.6100597358981652
0.30263123354122
0.025050280180490603
0.8449999672276292
0.512818042328778
0.2241770586151972
0.3778747541723071
0.11471819717372256
0.26687525947899715
0.5873566435853235
0.015545635972241456
0.3687271947357189
0.8461005381625206
0.8899491940713347
0.5202894803161193
0.19681153563082177
0.6883928035538709
0.7651106541355404
0.9006688182242293
0.5618799559726355
0.738194771108855
0.5415865726859863
0.014481460027820248
0.179363691699173
0.3930573871800398
0.6117710541167156
0.7547916106104502
0.9001793098688822
0.4152338222111531
0.14288653721894207
0.008468607487355229
0.10444888193760704
0.2948383272556505
0.8002299532817148
0.5038364177854611
0.34587069702978823
0.31192756070726446
0.2978579688416687
0.25545625015736206
0.7150005650238498
0.677083214054182
0.18974408323872183
0.6836210646645462
0.15377617748460892
0.9979527256735743
0.5674348884880942
0.3809047101983474
0.18405904159468633
0.8651223826695293
0.4582883714887913
0.3682751975715597
0.7810692407622852
0.34516198502501894
0.2068453087547084
0.9321715395093513
0.8902617680143479
0.46032529638735653
0.9717421341767789
0.36800196889506864
0.955978487121989
0.49997354413668305
0.4484217133031052
0.23431849628472534
0.7952709641492461
0.003193070498344497
0.8159637957587762
0.8081539993934221
0.8444155412665779
0.05831068885260393
0.752491103218091
0.04149366347764882
0.7532471577271806
0.8442041775689582
0.7312866062891743
0.370537924789371
0.16856162236708627
0.07971846014740791
0.028084112274484596
0.5953694220610082
0.3881413703591434
0.8185131876853582
0.2836943895304813
0.8030571457948632
0.07773625672637507
0.2227924702064037
0.6855542555657337
0.9804373044762649
0.011492712801846494
0.0442352096860823
0.9829129175890188
0.7852477132066404
0.5494106819100679
0.3358126821897578
0.5247999384474724
0.6005310661609364
0.421582219539097
0.793931511899121
0.21487907027962194
0.87495759221326
0.10701755367289678
0.294482788446377
0.8856334152491456
0.19176962554531585
0.3242078152601451
0.9250446133990131
0.794526499922469
0.055364862554167615
0.681247629508583
0.7429336344431228
0.1909424497068244
0.03418183540905417
0.5460093683131291
0.7974139492995853
0.6645530847751644
0.3517257236714464
0.5128131651513783
0.6646569481749829
0.998641991570338
0.9275953609882315
0.17318684871174383
0.9546360260979618
0.7668120168032004
0.09368848649486594
0.0971968228573914
0.38679344732182486
0.9450147463378471
0.05694225272354103
0.24161867077325638
0.10091579558546826
0.3951949319919237
0.6617050460008578
0.30569395279382405
0.7042072089173566
0.509891077570984
0.0879541140402118
0.6288013629659943
0.06618878834105502
0.40235205390312956
0.9750166411860413
0.982095171364243
0.2990359987959188
0.3632202437436831
0.7062900770502942
0.35369577004443187
0.5196763603228653
0.47732088367941117
0.5538860215959254
0.5106452227980114
0.526915070582735
0.16293653407782926
0.34146111156793424
0.5774790550499986
0.16566921857357286
0.33711153219938694
0.7201934520494113
0.07845317283200615
0.9428297564932429
0.06562543031884616
0.0014845053282606102
0.21636583125573594
0.03521720455511357
0.08252335258693222
0.38820929969972084
0.6143180458127446
0.6475599847071329
0.884346483904352
0.9850226658005106
0.22707581663292586
0.2735361261284375
0.1569440937775397
0.9413012600723754
0.6759730790470471
0.6499376705827196
0.7820711604790063
0.7348307064860187
0.3061894659178179
0.5153252416939047
0.31660935834493387
0.8905295912208508
0.8790408307293589
0.9606457414772684
0.6245454662086729
0.249657593091694
0.9565470978565784
0.5388218125079511
0.7717767102910642
0.3675290376405336
0.8135304402738583
0.06004536743890654
0.632988732847025
0.2813159374696106
0.6170110977065875
0.3943019516916486
0.19049534100260246
0.01677143808160153
0.7774974023794741
0.7155257825357388
0.7748915010077155
0.00945583971333619
0.8263248375722085
0.6138698109467846
0.5701287640770687
0.5212483239014567
0.07252527865593805
0.8631288940877972
0.41027700359524033
0.008648491301624261
0.1974660196531559
0.4267599584950865
0.07651457222171132
0.8208081270973331
0.05197783313899862
0.41370868956744644
0.07114231384761638
0.10070556468009428
0.31580620998358455
0.1280106142562154
0.826621851928266
0.06382792965970552
0.5905091405229186
0.3956432634338718
0.8933967849440023
0.11973072717152533
0.5425523927400278
0.8782482207801543
0.2477934141267184
0.47059499838712426
0.1521082784383836
0.8041250986672743
0.14346697063038505
0.7082199296053879
0.10436043769630743
0.24845664094961606
0.08513656152119609
0.5807186618031004
0.1739942776039456
0.8913130502683977
0.48583877881645776
0.009597432557239216
0.780674435903542
0.7659870859680957
0.34835267581111395
0.8070883983156669
0.05496606617912647
0.40213729048901214
0.12315917259681441
0.5258948455886063
0.9622599211733771
0.5666976896491924
0.4902724705006989
0.8253393172602408
0.6393512071473069
0.43730628805898064
0.7071212956495856
0.46885076737798315
0.8475630574425637
0.012994457522825797
0.8915903175000182
0.09048152696641054
0.7214862900565251
0.20807270617553186
0.9662084614656408
0.6485289271335652
0.06794193459700892
0.798678131773972
0.2897676182206368
0.6912951964892748
0.7607009009463113
0.9365729165203653
0.325474008361482
0.3156230401783482
0.08848017783342499
0.628884325529544
0.1348017523690288
0.8282884301459568
0.6930661567886816
0.5510626390702136
0.403885584728954
0.40193690309821406
0.3180071381367
0.03703709250904197
0.9805337001408674
0.43246038649791885
0.4537078532714176
0.6271290299664862
0.16636399147489556
0.2880985663436313
0.9801129939511171
0.28061891055459753
0.9273939960193189
0.8298073859197039
0.5822733372517561
0.23396735220962128
0.6804982711038576
0.5683877346755928
0.4463611566235457
0.543692870056038
0.8209632348804661
0.9004550633947268
0.07418027770861357
0.9590681764437683
0.8820202953970124
0.2796258583464173
0.9135644346967311
0.8664956707865947
0.3804499136089845
0.8814949356787416
0.4615645715214711
0.40516887159742865
0.48847366614037924
0.7143986904060391
0.01890547463080594
0.3210528431648818
0.6821649539271988
0.81904906447161
0.9603836829040446
0.8800809576456778
0.2171133058554915
0.24845139802441096
0.22984605803114988
0.9566504224587682
0.45529881464064204
0.6877818097379951
0.4039207778208649
0.8330127052595948
0.7609236779856303
0.5779166282206454
0.6201838979607217
0.9501301169467702
0.46078366400324455
0.36502297981760634
0.5979740772148929
0.8302641796085233
0.5557451384907495
0.38410624088951906
0.9492796394149892
0.21335782355258814
0.8187496454052763
0.97186199746562
0.6793049153742956
0.5086797380807901
0.23184948330421662
0.7219177345159657
0.7983908315375814
0.4338481569684127
0.5260608320871683
0.5750180134639002
0.036457052266506196
0.9970008041885059
0.7849073186044961
0.3624767024681823
0.8862137016547891
0.1544104707826257
0.5626430290823379
0.8809862119436467
0.3608488511676953
0.753269552422072
0.9241414433548982
0.9114569702599731
0.5851476237070372
0.03381466162752034
0.9237921430921432
0.34790586406009183
0.43607899541577666
0.6306919513200206
0.7595619960645195
0.7715903766729575
0.09046123615545554
0.8728578598626662
0.635378403496091
0.09079099915987499
0.3446754806150736
0.25487642451981074
0.9755306802234998
0.921198474129266
0.6564532269416716
0.3388459228095435
0.3098382802004238
0.062209875081716604
0.87405668112077
0.47212220205520694
0.9045029453657207
0.04014873620534942
0.8068648655789517
0.5763864590530723
0.08307250652821097
0.2531947417310185
0.037262352131271825
0.711439246665865
0.4626485632120705
0.7304581726775261
0.45121542495281375
0.05352292482566057
0.8358451778540683
0.07810870456901498
0.789051491216604
0.5922394523847494
0.7381526008473998
0.450837564989893
0.3943956979092391
0.059622145989397524
0.44800545918663204
0.6823918071570994
0.2142530456109668
0.00514662516900799
0.13335035538429452
0.31278984753522465
0.8137688762086057
0.24506043163201596
0.45982999740191133
0.6435537643969518
0.692794514097578
0.19513056783992866
0.35345137706679
0.07044647263948534
0.8961921219234696
0.4726362577922494
0.9220106963306449
0.42347609060709246
0.8046225548139248
0.08417840409760302
0.20745927026715094
0.4771459096405799
0.9767862238583191
0.036770312330208554
0.4042890754027866
0.9740316790764858
0.027768772805551123
0.18497408887592215
0.14099552432884366
0.6788287409519675
0.20194479406942634
0.9989365044584027
0.10246499505224449
0.09822520223582032
0.6041029236565052
0.9775648648035293
0.656087188708824
0.467644130501764
0.9509885220629215
0.9864003549490299
0.7344840945849995
0.5255030140870893
0.29985483202457175
0.5477512370363549
0.28957976937226704
0.028732752437957032
0.9940340667492151
0.3062239955331627
0.44853485071372745
0.1725765490320974
0.17177538640941492
0.6189448512273579
0.6196882858928632
0.2789715804903601
0.6380612287318925
0.6376298185074525
0.27956272746205
0.7300485237405177
0.8648460339817561
0.8484964718991002
0.8493009912118055
0.018536250879929383
0.9188261080092062
0.8831976300639788
0.78533545064154
0.5403265611981247
0.41373526180171183
0.4050040709847771
0.8750018185085935
0.8944570241660692
0.23318201466629063
0.9830029733588681
0.369170002604605
0.7137541685758286
0.9977396132544172
0.3948688488033305
0.3923791821367786
0.6099146839225504
0.6745339626362252
0.6256870998353072
0.4536584954763754
0.5675843130601343
0.6077358510310589
0.6643748222342687
0.5110403220777755
0.9038430226326675
0.7335666391080693
0.826581879816576
0.108206643568721
0.7663661522856522
